 101    ep=2458600.5d0
 1.248319819887977d0 0.05149771997786147d0 3.554133408746698d0 284.8266291499269d0 8.433632810861106d0 272.324190918814d0 0.d0 0.d0 0.d0
 102    ep=2458600.5d0
 1.188882993664954d0 0.05789328371725624d0 2.464530210036531d0 58.18179933622402d0 179.4124167024594d0 291.6601010602586d0 0.d0 0.d0 0.d0
 103    ep=2458600.5d0
 1.202040449910475d0 0.08256969779157279d0 7.412328872843599d0 343.7670832143343d0 62.6489174677911d0 178.5833850362186d0 0.d0 0.d0 0.d0
 104    ep=2458600.5d0
 1.271186091346721d0 0.03308005742062865d0 4.05044752973931d0 96.69550827455409d0 0.9218703711456867d0 261.4544951100118d0 0.d0 0.d0 0.d0
 105    ep=2458600.5d0
 1.125361187341484d0 0.08194736930020113d0 2.795554717366854d0 87.37360784618225d0 186.6771806491323d0 97.68119106804461d0 0.d0 0.d0 0.d0
 106    ep=2458600.5d0
 1.219513258759309d0 0.05523094155223452d0 4.541836480421688d0 84.15174754614428d0 179.8274433228124d0 354.3010857873811d0 0.d0 0.d0 0.d0
 107    ep=2458600.5d0
 1.108845749770639d0 0.04478812935240784d0 4.253254278006285d0 28.85937633535494d0 193.1249014855852d0 110.3532798709986d0 0.d0 0.d0 0.d0
 108    ep=2458600.5d0
 1.173145705784291d0 0.08065146974589225d0 3.074579323532249d0 201.8295306666622d0 333.6222694759216d0 261.8527585914764d0 0.d0 0.d0 0.d0
 109    ep=2458600.5d0
 1.144264041727381d0 0.09677830801278517d0 1.695244939404055d0 120.8520483577765d0 145.3601750881647d0 21.89349301164324d0 0.d0 0.d0 0.d0
 110    ep=2458600.5d0
 1.095859465657055d0 0.01678920060988707d0 3.817247697524332d0 131.5060154289436d0 275.7098968376217d0 145.6970136258962d0 0.d0 0.d0 0.d0
 111    ep=2458600.5d0
 1.141748332379377d0 0.06594212705037494d0 7.299524065662009d0 108.6903917502138d0 192.4827598027599d0 183.6339824784136d0 0.d0 0.d0 0.d0
 112    ep=2458600.5d0
 1.153947914460591d0 0.08773048857484442d0 3.471961315318031d0 93.27797350486804d0 341.3364050639863d0 111.3009034365818d0 0.d0 0.d0 0.d0
 113    ep=2458600.5d0
 1.202364318397464d0 0.0366638156161899d0 3.216878009211376d0 70.34931705076545d0 42.91190354292131d0 350.4632110471001d0 0.d0 0.d0 0.d0
 114    ep=2458600.5d0
 1.100459701828043d0 0.06047509775114756d0 2.302204408794018d0 176.7310506584084d0 56.51290815237222d0 84.13196889749089d0 0.d0 0.d0 0.d0
 115    ep=2458600.5d0
 1.290576265811591d0 0.05235620099096381d0 5.671301646066616d0 25.97829387823388d0 14.5118435801717d0 54.43875409177663d0 0.d0 0.d0 0.d0
 116    ep=2458600.5d0
 1.058484470837109d0 0.007854458134977538d0 2.718573455539885d0 60.04307929577921d0 43.64542183297925d0 356.1339604442811d0 0.d0 0.d0 0.d0
 117    ep=2458600.5d0
 1.11697368769844d0 0.06778988531521896d0 3.018678906970365d0 0.3775493637087685d0 254.5404397913552d0 105.8062167862086d0 0.d0 0.d0 0.d0
 118    ep=2458600.5d0
 1.127556151355365d0 0.03736688731460532d0 7.805154583756075d0 219.194714163103d0 324.1890083270425d0 204.6281244790514d0 0.d0 0.d0 0.d0
 119    ep=2458600.5d0
 1.137839724007653d0 0.0701616732715222d0 3.427067162699977d0 214.3050330818932d0 74.25663376042921d0 112.9032694269343d0 0.d0 0.d0 0.d0
 120    ep=2458600.5d0
 1.106075582954928d0 0.04660577902693961d0 2.907189319442038d0 348.928265012502d0 350.944292760484d0 148.9323924249037d0 0.d0 0.d0 0.d0
 121    ep=2458600.5d0
 1.078865709337894d0 0.03823321492916986d0 1.558228195846777d0 137.6613144316504d0 281.2398390475203d0 96.13519422443372d0 0.d0 0.d0 0.d0
 122    ep=2458600.5d0
 1.239033806358891d0 0.07951695087345162d0 5.432521885775915d0 88.10556642733516d0 90.19001961146002d0 268.7977409457453d0 0.d0 0.d0 0.d0
 123    ep=2458600.5d0
 1.091104381925441d0 0.05755101431753701d0 2.125695376909207d0 142.8360492383231d0 178.3197910978677d0 221.0818793887951d0 0.d0 0.d0 0.d0
 124    ep=2458600.5d0
 1.076635373670161d0 0.0226312091301975d0 6.327650813471734d0 70.43835278739191d0 264.8394441701621d0 213.8140139418031d0 0.d0 0.d0 0.d0
 125    ep=2458600.5d0
 1.10412036209838d0 0.05810355241413291d0 3.564465859031896d0 149.1332206580878d0 235.5613189070689d0 163.860196719427d0 0.d0 0.d0 0.d0
 126    ep=2458600.5d0
 1.1445539506433d0 0.0361230353279751d0 2.397684294556051d0 175.3614385317636d0 106.368550720006d0 276.1826676078958d0 0.d0 0.d0 0.d0
 127    ep=2458600.5d0
 1.052290968037707d0 0.0233872463278735d0 3.75418830430707d0 245.7741146403232d0 12.32360534194639d0 320.5260417563767d0 0.d0 0.d0 0.d0
 128    ep=2458600.5d0
 1.219086467056905d0 0.07294874198787273d0 3.440657952264254d0 92.15802332783852d0 266.3199015547172d0 232.3466343525502d0 0.d0 0.d0 0.d0
