 101    ep=2458600.5d0
 1.188882993664954d0 0.05789328371725624d0 2.464530210036531d0 
 58.18179933622402d0 179.4124167024594d0 291.6601010602586d0 
 0.d0 0.d0 0.d0
 102    ep=2458600.5d0
 1.008133650551382d0 0.07012101294077555d0 4.804898913090303d0 
 63.74735479163394d0 340.5876922231679d0 151.8276026497966d0 
 0.d0 0.d0 0.d0
 103    ep=2458600.5d0
 1.032311564018629d0 0.05253497902788531d0 1.429908754233189d0 
 26.83638458890033d0 71.26699416761866d0 91.18870236518256d0 
 0.d0 0.d0 0.d0
 104    ep=2458600.5d0
 1.06209006182491d0 0.08618672694824445d0 3.103742789338156d0 
 63.96690587689485d0 184.3849685562438d0 126.4173428959396d0 
 0.d0 0.d0 0.d0
 105    ep=2458600.5d0
 1.125361187341484d0 0.08194736930020113d0 2.795554717366854d0 
 87.37360784618225d0 186.6771806491323d0 97.68119106804461d0 
 0.d0 0.d0 0.d0
 106    ep=2458600.5d0
 1.023396872595932d0 0.09857049403460327d0 1.409942761998376d0 
 94.83624759674511d0 139.8289596343346d0 188.0723336459331d0 
 0.d0 0.d0 0.d0
 107    ep=2458600.5d0
 1.010279669477205d0 0.08308918686958262d0 1.43882896351189d0 
 273.648061360634d0 43.46553309601745d0 199.4235484124133d0 
 0.d0 0.d0 0.d0
 108    ep=2454105.5d0
 1.001861500795959d0 0.03512856067573183d0 1.087731030061968d0 
 226.7806660740718d0 292.7942227365448d0 307.8249579420948d0 
 0.d0 0.d0 0.d0
 109    ep=2458600.5d0
 1.108845749770639d0 0.04478812935240784d0 4.253254278006285d0 
 28.85937633535494d0 193.1249014855852d0 110.3532798709986d0 
 0.d0 0.d0 0.d0
 110    ep=2458600.5d0
 1.053855635820783d0 0.06047384216669926d0 0.235721231490033d0 
 134.4677207092961d0 215.9941032463691d0 264.8705459721934d0 
 0.d0 0.d0 0.d0
 111    ep=2458600.5d0
 1.173145705784291d0 0.08065146974589225d0 3.074579323532249d0 
 201.8295306666622d0 333.6222694759216d0 261.8527585914764d0 
 0.d0 0.d0 0.d0
 112    ep=2458600.5d0
 1.071458615789928d0 0.05558000867096335d0 1.391343679882073d0 
 350.5727465564128d0 215.2983764850621d0 263.8863174150054d0 
 0.d0 0.d0 0.d0
 113    ep=2458600.5d0
 1.011086799641732d0 0.08483050943668168d0 1.984301329070998d0 
 102.1840084409399d0 240.5992416974522d0 174.4491402656014d0 
 0.d0 0.d0 0.d0
 114    ep=2455256.5d0
 1.009762522530082d0 0.04163118147019331d0 0.3844794522868474d0 
 109.8709551697141d0 58.12755332687887d0 349.7265315315627d0 
 0.d0 0.d0 0.d0
 115    ep=2458600.5d0
 1.144264041727381d0 0.09677830801278517d0 1.695244939404055d0 
 120.8520483577765d0 145.3601750881647d0 21.89349301164324d0 
 0.d0 0.d0 0.d0
 116    ep=2458600.5d0
 1.055169696877876d0 0.05971763478185103d0 0.6239184692797997d0 
 47.24827404799916d0 32.29914213865025d0 261.6892479511696d0 
 0.d0 0.d0 0.d0
 117    ep=2458600.5d0
 1.023131869422113d0 0.02712823511026654d0 1.475406905974722d0 
 341.725809324305d0 46.17068497641107d0 82.12625070592581d0 
 0.d0 0.d0 0.d0
 118    ep=2458600.5d0
 1.095859465657055d0 0.01678920060988707d0 3.817247697524332d0 
 131.5060154289436d0 275.7098968376217d0 145.6970136258962d0 
 0.d0 0.d0 0.d0
 119    ep=2455755.5d0
 1.059569367479931d0 0.04105952204965695d0 2.562405187085439d0 
 4.674810078016545d0 273.9597202527767d0 11.05080146327758d0 
 0.d0 0.d0 0.d0
 120    ep=2458600.5d0
 1.06443440744061d0 0.09938064926020045d0 2.644906205384716d0 
 255.0219762810774d0 316.9139561187138d0 139.9238493286582d0 
 0.d0 0.d0 0.d0
 121    ep=2456162.5d0
 1.039783885898898d0 0.0232278458280652d0 3.121241111108061d0 
 76.8760318797804d0 235.0493162306067d0 18.20726251830458d0 
 0.d0 0.d0 0.d0
 122    ep=2458600.5d0
 1.054122838219893d0 0.09484579799782561d0 5.838745992272556d0 
 49.99582864154874d0 142.9085046246184d0 189.9811402591762d0 
 0.d0 0.d0 0.d0
 123    ep=2458600.5d0
 1.049831633317319d0 0.03821918478139921d0 1.005385154359433d0 
 265.6464542293713d0 199.8881791069986d0 305.6821690546839d0 
 0.d0 0.d0 0.d0
 124    ep=2458600.5d0
 1.051128898424203d0 0.04456181674644455d0 3.446348930161328d0 
 35.98645687045249d0 198.6186588458447d0 187.4715069720117d0 
 0.d0 0.d0 0.d0
 125    ep=2458600.5d0
 1.153947914460591d0 0.08773048857484442d0 3.471961315318031d0 
 93.27797350486804d0 341.3364050639863d0 111.3009034365818d0 
 0.d0 0.d0 0.d0
 126    ep=2458600.5d0
 1.016429605128442d0 0.02839175558734573d0 2.108502178299091d0 
 64.64645446181308d0 343.4835942386783d0 131.0071510515851d0 
 0.d0 0.d0 0.d0
 127    ep=2458600.5d0
 1.100459701828043d0 0.06047509775114756d0 2.302204408794018d0 
 176.7310506584084d0 56.51290815237222d0 84.13196889749089d0 
 0.d0 0.d0 0.d0
 128    ep=2458600.5d0
 1.041738681168833d0 0.07911467613239027d0 3.64163409537315d0 
 95.40515173650356d0 235.6677836221201d0 144.5016088126044d0 
 0.d0 0.d0 0.d0
 129    ep=2458600.5d0
 1.052651391740503d0 0.09229965144072018d0 0.4882733457950982d0 
 61.58990826466944d0 171.1095152669074d0 206.2453849665579d0 
 0.d0 0.d0 0.d0
 130    ep=2458600.5d0
 1.027961095109958d0 0.07143795127274824d0 1.266416766970078d0 
 226.4818707920651d0 265.6971666286902d0 24.93039950820088d0 
 0.d0 0.d0 0.d0
 131    ep=2458600.5d0
 1.035641027728908d0 0.05881478988586739d0 0.4126961612694443d0 
 214.0151807810415d0 244.0111780772693d0 37.72532058128699d0 
 0.d0 0.d0 0.d0
 132    ep=2458600.5d0
 1.034315424839092d0 0.07151352305719126d0 1.559078407110499d0 
 287.6097712463553d0 67.10252485393416d0 134.1944780081024d0 
 0.d0 0.d0 0.d0
 133    ep=2458600.5d0
 1.072141416093554d0 0.08662000020035054d0 1.735735618778509d0 
 34.11615298813461d0 117.6400571516317d0 278.141622013449d0 
 0.d0 0.d0 0.d0
 134    ep=2458600.5d0
 1.101744736763827d0 0.08749719963428305d0 2.749102914176414d0 
 155.6340033101292d0 341.7678896128488d0 232.9278680416985d0 
 0.d0 0.d0 0.d0
 135    ep=2458600.5d0
 1.058484470837109d0 0.007854458134977538d0 2.718573455539885d0 
 60.04307929577921d0 43.64542183297925d0 356.1339604442811d0 
 0.d0 0.d0 0.d0
 136    ep=2458600.5d0
 1.091732991523386d0 0.06365970764545405d0 1.0317824699769d0 
 100.0885307107504d0 194.4243738030237d0 112.927438862529d0 
 0.d0 0.d0 0.d0
 137    ep=2458600.5d0
 1.11697368769844d0 0.06778988531521896d0 3.018678906970365d0 
 0.3775493637087685d0 254.5404397913552d0 105.8062167862086d0 
 0.d0 0.d0 0.d0
 138    ep=2458600.5d0
 1.056759956285057d0 0.08393564807465763d0 0.438935116512822d0 
 327.4753130074583d0 272.8132717438844d0 217.4559650856634d0 
 0.d0 0.d0 0.d0
 139    ep=2458600.5d0
 1.053099750601892d0 0.07437491199834094d0 0.8677401977330946d0 
 288.1835335133012d0 186.1780739304855d0 12.18983537068886d0 
 0.d0 0.d0 0.d0
 140    ep=2458600.5d0
 1.014474918967747d0 0.03477131909266958d0 2.718519045077523d0 
 108.0083542171905d0 87.58382824390263d0 356.7733127500289d0 
 0.d0 0.d0 0.d0
 141    ep=2458600.5d0
 1.046305380044066d0 0.03472702789915155d0 1.957904577122459d0 
 11.02540989558543d0 349.5994933868549d0 151.5481632537377d0 
 0.d0 0.d0 0.d0
 142    ep=2458600.5d0
 1.137839724007653d0 0.0701616732715222d0 3.427067162699977d0 
 214.3050330818932d0 74.25663376042921d0 112.9032694269343d0 
 0.d0 0.d0 0.d0
 143    ep=2458600.5d0
 1.077533407898242d0 0.08424296849444439d0 1.527025307264608d0 
 305.6113977832472d0 190.3294678880589d0 348.7652868165168d0 
 0.d0 0.d0 0.d0
 144    ep=2458600.5d0
 1.085629405058662d0 0.09318152502330805d0 5.825770782022659d0 
 117.5694422565819d0 315.0750245769335d0 41.09070532933377d0 
 0.d0 0.d0 0.d0
 145    ep=2458600.5d0
 1.038368389765087d0 0.05891800867045471d0 1.516262699785992d0 
 239.6617507281545d0 6.717391561277662d0 294.6351968682769d0 
 0.d0 0.d0 0.d0
 146    ep=2458600.5d0
 1.02039063663251d0 0.05124292496504904d0 5.23213549762924d0 
 279.3533508123405d0 222.8656449527011d0 47.31534888675404d0 
 0.d0 0.d0 0.d0
 147    ep=2458600.5d0
 1.106075582954928d0 0.04660577902693961d0 2.907189319442038d0 
 348.928265012502d0 350.944292760484d0 148.9323924249037d0 
 0.d0 0.d0 0.d0
 148    ep=2458600.5d0
 1.063223817923316d0 0.04064202627533894d0 1.303190368288074d0 
 156.797593543828d0 343.840743886494d0 24.67721787355023d0 
 0.d0 0.d0 0.d0
 149    ep=2458600.5d0
 1.078865709337894d0 0.03823321492916986d0 1.558228195846777d0 
 137.6613144316504d0 281.2398390475203d0 96.13519422443372d0 
 0.d0 0.d0 0.d0
 150    ep=2458132.5d0
 1.029609633330497d0 0.0300115971405058d0 0.1190028697882613d0 
 107.6307517740808d0 349.4546169081071d0 15.73979773087814d0 
 0.d0 0.d0 0.d0
 151    ep=2458600.5d0
 1.048285256156583d0 0.06968055480060324d0 2.864727913700129d0 
 212.6877428178082d0 297.2309337908039d0 38.10567282424379d0 
 0.d0 0.d0 0.d0
 152    ep=2458600.5d0
 1.013039267913613d0 0.08989581202479911d0 4.56186319668867d0 
 255.58257827d0 181.7422779117207d0 121.3766223710029d0 
 0.d0 0.d0 0.d0
 153    ep=2458600.5d0
 1.091104381925441d0 0.05755101431753701d0 2.125695376909207d0 
 142.8360492383231d0 178.3197910978677d0 221.0818793887951d0 
 0.d0 0.d0 0.d0
 154    ep=2458600.5d0
 1.026375294988943d0 0.07503414964321048d0 2.274303176245005d0 
 4.993634799903544d0 78.24661519928574d0 128.2143357229614d0 
 0.d0 0.d0 0.d0
 155    ep=2458600.5d0
 1.063986204588394d0 0.08385818733833529d0 0.7103455952425828d0 
 70.38747990103654d0 21.43851573814898d0 112.0767139734493d0 
 0.d0 0.d0 0.d0
 156    ep=2458600.5d0
 1.020577563803234d0 0.01198213966603755d0 5.445623286288557d0 
 302.0117533728143d0 23.20812050066985d0 240.0352540940811d0 
 0.d0 0.d0 0.d0
 157    ep=2458600.5d0
 1.10412036209838d0 0.05810355241413291d0 3.564465859031896d0 
 149.1332206580878d0 235.5613189070689d0 163.860196719427d0 
 0.d0 0.d0 0.d0
 158    ep=2458600.5d0
 1.039416776843523d0 0.06033377298856295d0 1.652517507518083d0 
 145.8926948017483d0 246.4220999075769d0 169.0187938829498d0 
 0.d0 0.d0 0.d0
 159    ep=2458600.5d0
 1.1445539506433d0 0.0361230353279751d0 2.397684294556051d0 
 175.3614385317636d0 106.368550720006d0 276.1826676078958d0 
 0.d0 0.d0 0.d0
 160    ep=2458600.5d0
 1.052290968037707d0 0.0233872463278735d0 3.75418830430707d0 
 245.7741146403232d0 12.32360534194639d0 320.5260417563767d0 
 0.d0 0.d0 0.d0
 161    ep=2458600.5d0
 1.103004987093456d0 0.08795338909211067d0 4.428184355764943d0 
 87.61959019584583d0 257.7067056004188d0 250.1451115212736d0 
 0.d0 0.d0 0.d0
 162    ep=2458600.5d0
 1.040777112504886d0 0.06228602810940339d0 1.001357935846878d0 
 250.0519675641071d0 335.1999830585506d0 347.8098498332537d0 
 0.d0 0.d0 0.d0
 163    ep=2458600.5d0
 1.150026691612801d0 0.09549172684169933d0 5.995053501169675d0 
 336.4040787620082d0 333.3638207439475d0 283.604282980056d0 
 0.d0 0.d0 0.d0
 164    ep=2458600.5d0
 1.093499955666895d0 0.0926552392392905d0 1.162123852894223d0 
 322.6925006382837d0 5.118215897932063d0 257.6197195238855d0 
 0.d0 0.d0 0.d0
 165    ep=2458600.5d0
 1.043917640547638d0 0.08012973162469235d0 2.408290419031349d0 
 300.9133391198392d0 173.8893656705424d0 116.3908703537101d0 
 0.d0 0.d0 0.d0
 166    ep=2458600.5d0
 1.004960178092978d0 0.09083867193146769d0 0.7956033500092891d0 
 267.6766963623999d0 28.73316337445935d0 266.8538980276896d0 
 0.d0 0.d0 0.d0
