1.025 0.01 1.5311558505425e-07
1.025 0.03 5.4360698148094e-07
1.025 0.05 1.0477234621350e-06
1.025 0.07 1.8990525645936e-06
1.025 0.09 3.1822761958800e-06
1.075 0.01 4.5818650455279e-07
1.075 0.03 8.1935992363402e-07
1.075 0.05 7.8890584843125e-07
1.075 0.07 1.4434986945580e-06
1.075 0.09 2.6244722864290e-06
1.125 0.01 7.7581520142703e-09
1.125 0.03 7.1251357054623e-08
1.125 0.05 2.6096828794737e-07
1.125 0.07 1.0987329727688e-06
1.125 0.09 3.2456236420031e-06
1.175 0.01 0.0000000000000e+00
1.175 0.03 2.6293380707599e-08
1.175 0.05 2.8630570103830e-07
1.175 0.07 8.2903561365345e-07
1.175 0.09 8.0270552656728e-07
