          30
 1.3523624284940885E+00  2.1899902048879691E-01 -8.1252684368288378E-02
-6.4062710375111531E-01  4.9202825530231431E+00 -1.2857029195158542E-01
           1           5           0           0           0           0
           0           0           0           0           0           0
           0
 7.0427894312574733E+06  8.7078669102544463E-03  0.0000000000000000E+00  0.0000000000000000E+00
 0.0000000000000000E+00  0.0000000000000000E+00  0.0000000000000000E+00  0.0000000000000000E+00
 0.0000000000000000E+00  0.0000000000000000E+00  0.0000000000000000E+00  0.0000000000000000E+00
 0.0000000000000000E+00
 8.3451447262773482E-02  9.7461655603869424E-01  8.6217984709933200E-05
-6.8875959330358274E+00 -1.0001706051006481E-01 -3.1099738205440075E-01
           1           4           0           0           0           0
           0           0           0           0           0           0
           0
 2.4105924014944736E+07  9.8521301113070805E-03  0.0000000000000000E+00  0.0000000000000000E+00
 0.0000000000000000E+00  0.0000000000000000E+00  0.0000000000000000E+00  0.0000000000000000E+00
 0.0000000000000000E+00  0.0000000000000000E+00  0.0000000000000000E+00  0.0000000000000000E+00
 0.0000000000000000E+00
 1.7167653648976777E-01  1.5723162878343298E+00 -1.0490977239342691E-01
-4.3307403300920368E+00  5.0835272360066064E-01 -5.8053158331355414E-01
           1           5           0           0           0           0
           0           0           0           0           0           0
           0
 1.4921168212376037E+06  9.9856201552531807E-03  0.0000000000000000E+00  0.0000000000000000E+00
 0.0000000000000000E+00  0.0000000000000000E+00  0.0000000000000000E+00  0.0000000000000000E+00
 0.0000000000000000E+00  0.0000000000000000E+00  0.0000000000000000E+00  0.0000000000000000E+00
 0.0000000000000000E+00
-6.9729670372461106E-01  1.2401291563747792E+00 -7.6511915738944697E-02
-4.2303038266194743E+00 -2.5734735711474284E+00 -4.9786403698817916E-01
           1           5           0           0           0           0
           0           0           0           0           0           0
           0
 2.5776123410619609E+06  2.6769545450271485E-03  0.0000000000000000E+00  0.0000000000000000E+00
 0.0000000000000000E+00  0.0000000000000000E+00  0.0000000000000000E+00  0.0000000000000000E+00
 0.0000000000000000E+00  0.0000000000000000E+00  0.0000000000000000E+00  0.0000000000000000E+00
 0.0000000000000000E+00
 4.4338165146993291E-01  1.2845565286227316E+00  8.9242948623283955E-02
-4.9229804739007053E+00  1.6244278805521166E+00 -4.5226247146804804E-01
           1           5           0           0           0           0
           0           0           0           0           0           0
           0
 4.9523488879824616E+06  8.5850267718918984E-03  0.0000000000000000E+00  0.0000000000000000E+00
 0.0000000000000000E+00  0.0000000000000000E+00  0.0000000000000000E+00  0.0000000000000000E+00
 0.0000000000000000E+00  0.0000000000000000E+00  0.0000000000000000E+00  0.0000000000000000E+00
 0.0000000000000000E+00
-5.9794850357209928E-01 -9.5698681615426662E-01  2.6243134924586211E-02
 4.7823352178499494E+00 -3.2942645992872444E+00 -1.7124084403367462E-01
           0           0           0           0           0           0
           0           0           0           0           0           0
           0
 0.0000000000000000E+00  1.0293261765438149E+00  0.0000000000000000E+00  0.0000000000000000E+00
 0.0000000000000000E+00  0.0000000000000000E+00  0.0000000000000000E+00  0.0000000000000000E+00
 0.0000000000000000E+00  0.0000000000000000E+00  0.0000000000000000E+00  0.0000000000000000E+00
 0.0000000000000000E+00
 1.0813824169173365E+00 -8.2761195155343859E-01  1.2266501412953200E-02
 2.8875963090534094E+00  4.0315315418376212E+00  5.1764273137985772E-01
           1           5           0           0           0           0
           0           0           0           0           0           0
           0
 1.1830516674243428E+07  9.5810278031796346E-03  0.0000000000000000E+00  0.0000000000000000E+00
 0.0000000000000000E+00  0.0000000000000000E+00  0.0000000000000000E+00  0.0000000000000000E+00
 0.0000000000000000E+00  0.0000000000000000E+00  0.0000000000000000E+00  0.0000000000000000E+00
 0.0000000000000000E+00
 5.3623830639682724E-01  8.1156219060026513E-01 -1.1517357880738247E-02
-5.4609227401410143E+00  4.0481644837404982E+00 -1.4437393564190923E+00
           1           4           0           0           0           0
           0           0           0           0           0           0
           0
 1.6503143563738525E+08  6.6480473195498551E-03  0.0000000000000000E+00  0.0000000000000000E+00
 0.0000000000000000E+00  0.0000000000000000E+00  0.0000000000000000E+00  0.0000000000000000E+00
 0.0000000000000000E+00  0.0000000000000000E+00  0.0000000000000000E+00  0.0000000000000000E+00
 0.0000000000000000E+00
 6.5594676215618408E-01 -9.0436753011234861E-01 -2.4069608061587495E-02
 4.6860562635567558E+00  3.5232647013055707E+00 -2.3727910315246112E-01
           0           0           0           0           0           0
           0           0           0           0           0           0
           0
 0.0000000000000000E+00  1.0567280422722856E+00  0.0000000000000000E+00  0.0000000000000000E+00
 0.0000000000000000E+00  0.0000000000000000E+00  0.0000000000000000E+00  0.0000000000000000E+00
 0.0000000000000000E+00  0.0000000000000000E+00  0.0000000000000000E+00  0.0000000000000000E+00
 0.0000000000000000E+00
-3.0699099006100811E-01 -1.4168864219976482E+00  8.2375161891139581E-02
 4.8275941295647327E+00 -6.3813699796855705E-01 -8.0689911376807325E-02
           1           5           0           0           0           0
           0           0           0           0           0           0
           0
 1.1061621108781553E+06  9.7332726629023609E-03  0.0000000000000000E+00  0.0000000000000000E+00
 0.0000000000000000E+00  0.0000000000000000E+00  0.0000000000000000E+00  0.0000000000000000E+00
 0.0000000000000000E+00  0.0000000000000000E+00  0.0000000000000000E+00  0.0000000000000000E+00
 0.0000000000000000E+00
 1.0022420045657399E+00  5.5125464641738153E-01 -5.6757037465210193E-02
-2.9664168415956289E+00  4.9929397473247032E+00  1.7854252484250449E-01
           0           0           0           0           0           0
           0           0           0           0           0           0
           0
 0.0000000000000000E+00  1.0769238275165673E+00  0.0000000000000000E+00  0.0000000000000000E+00
 0.0000000000000000E+00  0.0000000000000000E+00  0.0000000000000000E+00  0.0000000000000000E+00
 0.0000000000000000E+00  0.0000000000000000E+00  0.0000000000000000E+00  0.0000000000000000E+00
 0.0000000000000000E+00
 5.8331473775476395E-01 -1.2104404145372643E+00 -9.1152815464639547E-02
 4.6941939703935764E+00  2.0736608359001902E+00  3.0880772198902551E-01
           1           5           0           0           0           0
           0           0           0           0           0           0
           0
 1.6029399470391082E+07  8.8887609869872115E-03  0.0000000000000000E+00  0.0000000000000000E+00
 0.0000000000000000E+00  0.0000000000000000E+00  0.0000000000000000E+00  0.0000000000000000E+00
 0.0000000000000000E+00  0.0000000000000000E+00  0.0000000000000000E+00  0.0000000000000000E+00
 0.0000000000000000E+00
 8.6224377820414988E-01  4.7065111905546436E-01 -2.9934684772479188E-02
-2.9838657469511545E+00  5.7244869922621131E+00 -1.2150969296324161E-01
           1           4           0           0           0           0
           0           0           0           0           0           0
           0
 1.5127402510552285E+07  9.8073484544570644E-03  0.0000000000000000E+00  0.0000000000000000E+00
 0.0000000000000000E+00  0.0000000000000000E+00  0.0000000000000000E+00  0.0000000000000000E+00
 0.0000000000000000E+00  0.0000000000000000E+00  0.0000000000000000E+00  0.0000000000000000E+00
 0.0000000000000000E+00
-1.0767383812034517E+00  8.7427596594260415E-02  5.9571383576535727E-02
-6.0768279109069834E-01 -6.0760029787848477E+00  5.2043968702969727E-02
           0           0           0           0           0           0
           0           0           0           0           0           0
           0
 0.0000000000000000E+00  1.0740134222717901E+00  0.0000000000000000E+00  0.0000000000000000E+00
 0.0000000000000000E+00  0.0000000000000000E+00  0.0000000000000000E+00  0.0000000000000000E+00
 0.0000000000000000E+00  0.0000000000000000E+00  0.0000000000000000E+00  0.0000000000000000E+00
 0.0000000000000000E+00
 3.2142585834013104E-01 -1.3407397189034393E+00  3.5815753704397421E-02
 4.7429424472509689E+00  1.2273735880960277E+00 -4.9924868716526932E-01
           1           5           0           0           0           0
           0           0           0           0           0           0
           0
 4.5587450367801934E+06  9.5084986411136819E-03  0.0000000000000000E+00  0.0000000000000000E+00
 0.0000000000000000E+00  0.0000000000000000E+00  0.0000000000000000E+00  0.0000000000000000E+00
 0.0000000000000000E+00  0.0000000000000000E+00  0.0000000000000000E+00  0.0000000000000000E+00
 0.0000000000000000E+00
 1.2997082180735996E-02  1.5039323392024966E+00 -1.4369043978153892E-01
-4.6066621457121135E+00 -7.1887946006005690E-02 -2.8797684848715333E-01
           1           5           0           0           0           0
           0           0           0           0           0           0
           0
 1.5623821113030433E+06  8.2648813732303841E-03  0.0000000000000000E+00  0.0000000000000000E+00
 0.0000000000000000E+00  0.0000000000000000E+00  0.0000000000000000E+00  0.0000000000000000E+00
 0.0000000000000000E+00  0.0000000000000000E+00  0.0000000000000000E+00  0.0000000000000000E+00
 0.0000000000000000E+00
 4.2463734238259249E-01  1.3943065817954836E+00 -3.0304418671306191E-02
-4.5655375423635665E+00  1.0313153457518078E+00  8.7691661362105966E-01
           1           5           0           0           0           0
           0           0           0           0           0           0
           0
 3.9512098803596627E+06  7.7397504545506438E-03  0.0000000000000000E+00  0.0000000000000000E+00
 0.0000000000000000E+00  0.0000000000000000E+00  0.0000000000000000E+00  0.0000000000000000E+00
 0.0000000000000000E+00  0.0000000000000000E+00  0.0000000000000000E+00  0.0000000000000000E+00
 0.0000000000000000E+00
 7.6479780773111705E-01 -6.7417547908742936E-01 -3.7527097599520123E-02
 4.1765509499341205E+00  4.7118756561042767E+00  1.4847752173421813E-01
           1           4           0           0           0           0
           0           0           0           0           0           0
           0
 2.9119586286747903E+07  8.4857710685731520E-03  0.0000000000000000E+00  0.0000000000000000E+00
 0.0000000000000000E+00  0.0000000000000000E+00  0.0000000000000000E+00  0.0000000000000000E+00
 0.0000000000000000E+00  0.0000000000000000E+00  0.0000000000000000E+00  0.0000000000000000E+00
 0.0000000000000000E+00
 1.1133136937120778E+00  4.4628445655906557E-01 -1.1680069168004523E-01
-2.4980560212905920E+00  5.1712108563897834E+00  2.5693230592162438E-02
           0           0           0           0           0           0
           0           0           0           0           0           0
           0
 0.0000000000000000E+00  1.1295413071068778E+00  0.0000000000000000E+00  0.0000000000000000E+00
 0.0000000000000000E+00  0.0000000000000000E+00  0.0000000000000000E+00  0.0000000000000000E+00
 0.0000000000000000E+00  0.0000000000000000E+00  0.0000000000000000E+00  0.0000000000000000E+00
 0.0000000000000000E+00
-4.9335594463389321E-01 -9.7684337086691020E-01  1.3383147196093266E-02
 5.2312880249429741E+00 -2.8260425445388475E+00 -2.2622488057947757E-01
           0           0           0           0           0           0
           0           0           0           0           0           0
           0
 0.0000000000000000E+00  1.0392576796013426E+00  0.0000000000000000E+00  0.0000000000000000E+00
 0.0000000000000000E+00  0.0000000000000000E+00  0.0000000000000000E+00  0.0000000000000000E+00
 0.0000000000000000E+00  0.0000000000000000E+00  0.0000000000000000E+00  0.0000000000000000E+00
 0.0000000000000000E+00
 1.0547328722904035E+00 -4.2630929372263143E-01 -4.3264027725164897E-02
 2.0836718653410813E+00  5.4907928501308154E+00 -1.1977255734864097E-01
           0           0           0           0           0           0
           0           0           0           0           0           0
           0
 0.0000000000000000E+00  1.1087498506511104E+00  0.0000000000000000E+00  0.0000000000000000E+00
 0.0000000000000000E+00  0.0000000000000000E+00  0.0000000000000000E+00  0.0000000000000000E+00
 0.0000000000000000E+00  0.0000000000000000E+00  0.0000000000000000E+00  0.0000000000000000E+00
 0.0000000000000000E+00
 6.8391305403388913E-01 -7.8842781549255425E-01 -3.2517144544872499E-02
 4.6531618775443446E+00  3.9772008964901517E+00  2.4556910993276355E-02
           1           4           0           0           0           0
           0           0           0           0           0           0
           0
 7.1731425051601266E+05  9.0058372235016053E-03  0.0000000000000000E+00  0.0000000000000000E+00
 0.0000000000000000E+00  0.0000000000000000E+00  0.0000000000000000E+00  0.0000000000000000E+00
 0.0000000000000000E+00  0.0000000000000000E+00  0.0000000000000000E+00  0.0000000000000000E+00
 0.0000000000000000E+00
-5.7620117304731422E-01 -1.2560731454347740E+00  3.1925363059022139E-03
 4.4113234360196136E+00 -2.2181729438808917E+00 -1.1991670597512467E-01
           1           5           0           0           0           0
           0           0           0           0           0           0
           0
 1.2611262997263009E+05  8.5594233225624143E-03  0.0000000000000000E+00  0.0000000000000000E+00
 0.0000000000000000E+00  0.0000000000000000E+00  0.0000000000000000E+00  0.0000000000000000E+00
 0.0000000000000000E+00  0.0000000000000000E+00  0.0000000000000000E+00  0.0000000000000000E+00
 0.0000000000000000E+00
-1.0034818105147933E-01 -1.2002262218152113E+00 -1.6222250158146576E-02
 5.5521041779724776E+00 -4.6697291717598938E-01 -2.7746864716398262E-01
           0           0           0           0           0           0
           0           0           0           0           0           0
           0
 0.0000000000000000E+00  1.0887059222480873E+00  0.0000000000000000E+00  0.0000000000000000E+00
 0.0000000000000000E+00  0.0000000000000000E+00  0.0000000000000000E+00  0.0000000000000000E+00
 0.0000000000000000E+00  0.0000000000000000E+00  0.0000000000000000E+00  0.0000000000000000E+00
 0.0000000000000000E+00
-7.3792941206920692E-01 -1.1900230922568502E+00 -9.9808711556062853E-03
 4.4795670157893008E+00 -2.1133401333950124E+00 -8.0099097065404079E-01
           1           5           0           0           0           0
           0           0           0           0           0           0
           0
 2.0232926517322997E+06  8.1792365832636174E-03  0.0000000000000000E+00  0.0000000000000000E+00
 0.0000000000000000E+00  0.0000000000000000E+00  0.0000000000000000E+00  0.0000000000000000E+00
 0.0000000000000000E+00  0.0000000000000000E+00  0.0000000000000000E+00  0.0000000000000000E+00
 0.0000000000000000E+00
-1.1623113243915073E+00  7.7295010062507996E-01  1.0945844074292015E-01
-2.5016259799935572E+00 -4.2116025946878706E+00  5.6718159532547385E-01
           1           5           0           0           0           0
           0           0           0           0           0           0
           0
 1.1144258419582495E+07  8.1181230736235462E-03  0.0000000000000000E+00  0.0000000000000000E+00
 0.0000000000000000E+00  0.0000000000000000E+00  0.0000000000000000E+00  0.0000000000000000E+00
 0.0000000000000000E+00  0.0000000000000000E+00  0.0000000000000000E+00  0.0000000000000000E+00
 0.0000000000000000E+00
-5.0902374114490376E-02  1.0071010702372378E+00  1.6185806674977959E-02
-6.5728892190188013E+00 -4.9163205708084756E-01 -6.6739725449611909E-01
           1           4           0           0           0           0
           0           0           0           0           0           0
           0
 1.5384060334815536E+07  9.1781686145702632E-03  0.0000000000000000E+00  0.0000000000000000E+00
 0.0000000000000000E+00  0.0000000000000000E+00  0.0000000000000000E+00  0.0000000000000000E+00
 0.0000000000000000E+00  0.0000000000000000E+00  0.0000000000000000E+00  0.0000000000000000E+00
 0.0000000000000000E+00
 1.0252514036203360E+00  1.0594636523325660E-01 -3.2303414790732787E-02
-5.3533749125269880E-01  6.5817572862155407E+00  2.5210124198887057E-01
           1           4           0           0           0           0
           0           0           0           0           0           0
           0
 6.1839623292923681E+07  9.9760236259502002E-03  0.0000000000000000E+00  0.0000000000000000E+00
 0.0000000000000000E+00  0.0000000000000000E+00  0.0000000000000000E+00  0.0000000000000000E+00
 0.0000000000000000E+00  0.0000000000000000E+00  0.0000000000000000E+00  0.0000000000000000E+00
 0.0000000000000000E+00
-1.1320386247100713E+00 -8.8664590037650137E-01 -1.3494596246977200E-02
 3.1931691589783848E+00 -3.6252215098261433E+00  1.9069850688563603E-01
           1           5           0           0           0           0
           0           0           0           0           0           0
           0
 9.2763988013324123E+06  9.1711501362696252E-03  0.0000000000000000E+00  0.0000000000000000E+00
 0.0000000000000000E+00  0.0000000000000000E+00  0.0000000000000000E+00  0.0000000000000000E+00
 0.0000000000000000E+00  0.0000000000000000E+00  0.0000000000000000E+00  0.0000000000000000E+00
 0.0000000000000000E+00
 3.7610677559628702E-01 -1.0918039452994166E+00 -2.6268035575777744E-02
 5.3667309012092597E+00  1.9133276131275612E+00 -3.3472589082926973E-01
           0           0           0           0           0           0
           0           0           0           0           0           0
           0
 0.0000000000000000E+00  1.0504645565410358E+00  0.0000000000000000E+00  0.0000000000000000E+00
 0.0000000000000000E+00  0.0000000000000000E+00  0.0000000000000000E+00  0.0000000000000000E+00
 0.0000000000000000E+00  0.0000000000000000E+00  0.0000000000000000E+00  0.0000000000000000E+00
 0.0000000000000000E+00
