 9
 3.9478417604357354E+01
  .0000000000000000E+00   .0000000000000000E+00   .0000000000000000E+00
  .0000000000000000E+00   .0000000000000000E+00   .0000000000000000E+00
 6.5539573684104773E-06  1.0000000000000000E-02
 2.7017937502239237E-01 -3.2228686492574826E-01 -5.1128121581458611E-02
 5.8318090354768924E+00  7.0975268449586078E+00  4.4360942040638282E-02
 9.6636715601426955E-05  1.0000000000000000E-02
-4.9162157533769937E-01 -5.3077934414038334E-01  2.1133635065132573E-02
 5.3678514269101589E+00 -5.0550501344200581E+00 -3.7886320104278040E-01
 1.2003167407831363E-04  1.0000000000000000E-02
-8.3916856937909126E-01 -5.5415161605452771E-01 -7.3433959389547469E-06
 3.3605394613883115E+00 -5.2672389680491365E+00 -7.0886398746034998E-05
 1.2740275019074827E-05  1.0000000000000000E-02
-1.5085575023881349E+00  7.0508397896622987E-01  5.1870243545010893E-02
-1.9717133809842210E+00 -4.1945337139270886E+00 -3.9379874024183254E-02
 3.7693444538248594E-02  1.0000000000000000E-02
-5.3402409482531853E+00 -1.0991402891868280E+00  1.2414342224252320E-01
 5.2021430151605930E-01 -2.5741732287263259E+00 -9.9790164736607984E-04
 1.1284384051552765E-02  1.0000000000000000E-02
 7.8893232093398913E+00 -5.8757155350551813E+00 -2.1133975684872742E-01
 1.1066909037177797E+00  1.6285514822320565E+00 -7.2412495822685855E-02
 1.7262852597121585E-03  1.0000000000000000E-02
 6.5049234551558524E+00 -1.8479220972124677E+01 -1.5286069758188169E-01
 1.3452649601167444E+00  4.0862587104171957E-01 -1.5920690943104907E-02
 2.0324556015422854E-03  1.0000000000000000E-02
 1.0012867244599060E+01 -2.8474426407868111E+01  3.5553131764525891E-01
 1.0751617772885210E+00  3.8492764046295864E-01 -3.2744899429094209E-02
