30
  0.685132684462823 -0.823619771020888  0.011337188861851
  4.750819200531765  3.856708356585152  0.046324038339051
  0 0 0 0 0 0 0 0 0 0 0 0 0
  0.0d0 0.0d0 0.0d0 0.0d0 0.0d0
  0.0d0 0.0d0 0.0d0 0.0d0 0.0d0
  0.0d0 0.0d0 0.0d0
  1.005876338474284  0.630149078431946 -0.009758185638704
 -2.894418784135928  4.941821906440791 -0.024006446903269
  0 0 0 0 0 0 0 0 0 0 0 0 0
  0.0d0 0.0d0 0.0d0 0.0d0 0.0d0
  0.0d0 0.0d0 0.0d0 0.0d0 0.0d0
  0.0d0 0.0d0 0.0d0
 -1.199650136376982  0.473392208396634  0.011817617279571
 -2.081665619998917 -5.089013267336190 -0.000833077892368
  0 0 0 0 0 0 0 0 0 0 0 0 0
  0.0d0 0.0d0 0.0d0 0.0d0 0.0d0
  0.0d0 0.0d0 0.0d0 0.0d0 0.0d0
  0.0d0 0.0d0 0.0d0
 -1.074541757939327 -0.683123470879890  0.005883106626820
  2.905007133860672 -4.790026847185492  0.033951369009213
  0 0 0 0 0 0 0 0 0 0 0 0 0
  0.0d0 0.0d0 0.0d0 0.0d0 0.0d0
  0.0d0 0.0d0 0.0d0 0.0d0 0.0d0
  0.0d0 0.0d0 0.0d0
  1.262033024368381 -0.202924284746294  0.011544354942013
  0.923111883290752  5.472568881579570 -0.025254392525553
  0 0 0 0 0 0 0 0 0 0 0 0 0
  0.0d0 0.0d0 0.0d0 0.0d0 0.0d0
  0.0d0 0.0d0 0.0d0 0.0d0 0.0d0
  0.0d0 0.0d0 0.0d0
  1.051510886906102  0.287988381119690  0.011074826985693
 -1.588858889106127  5.804184568933116 -0.074538378566095
  0 0 0 0 0 0 0 0 0 0 0 0 0
  0.0d0 0.0d0 0.0d0 0.0d0 0.0d0
  0.0d0 0.0d0 0.0d0 0.0d0 0.0d0
  0.0d0 0.0d0 0.0d0
  0.593296366663432  1.070704982984681  0.007217479916910
 -4.926500322734968  2.722962263254836  0.086417940278677
  0 0 0 0 0 0 0 0 0 0 0 0 0
  0.0d0 0.0d0 0.0d0 0.0d0 0.0d0
  0.0d0 0.0d0 0.0d0 0.0d0 0.0d0
  0.0d0 0.0d0 0.0d0
  1.195825181013209 -0.130593560476870 -0.006244019986756
  0.541469614509426  5.654544467460064  0.025037474217676
  0 0 0 0 0 0 0 0 0 0 0 0 0
  0.0d0 0.0d0 0.0d0 0.0d0 0.0d0
  0.0d0 0.0d0 0.0d0 0.0d0 0.0d0
  0.0d0 0.0d0 0.0d0
  0.511734941606443 -0.960049254358847 -0.007697723867377
  5.318732882139433  2.838312479360926  0.027725268326216
  0 0 0 0 0 0 0 0 0 0 0 0 0
  0.0d0 0.0d0 0.0d0 0.0d0 0.0d0
  0.0d0 0.0d0 0.0d0 0.0d0 0.0d0
  0.0d0 0.0d0 0.0d0
 -0.560849176586617  0.912372715563431  0.003255561337287
 -5.149980674895574 -3.209756501485474 -0.035270653912370
  0 0 0 0 0 0 0 0 0 0 0 0 0
  0.0d0 0.0d0 0.0d0 0.0d0 0.0d0
  0.0d0 0.0d0 0.0d0 0.0d0 0.0d0
  0.0d0 0.0d0 0.0d0
 -0.414365586640373  1.023539862027414 -0.000196402834638
 -5.538748410129585 -2.374196147445039  0.001971381702685
  0 0 0 0 0 0 0 0 0 0 0 0 0
  0.0d0 0.0d0 0.0d0 0.0d0 0.0d0
  0.0d0 0.0d0 0.0d0 0.0d0 0.0d0
  0.0d0 0.0d0 0.0d0
  0.121144908054128 -1.198361599278706 -0.002374518848053
  5.765495435406727  0.407291167193771  0.060454271584881
  0 0 0 0 0 0 0 0 0 0 0 0 0
  0.0d0 0.0d0 0.0d0 0.0d0 0.0d0
  0.0d0 0.0d0 0.0d0 0.0d0 0.0d0
  0.0d0 0.0d0 0.0d0
  0.063241698439832  1.091623287506722 -0.012927529880490
 -6.029236217915536  0.186063277384183  0.047430047962724
  0 0 0 0 0 0 0 0 0 0 0 0 0
  0.0d0 0.0d0 0.0d0 0.0d0 0.0d0
  0.0d0 0.0d0 0.0d0 0.0d0 0.0d0
  0.0d0 0.0d0 0.0d0
 -0.941889624103710  0.521083839461440  0.000860156045434
 -3.027872000395359 -5.338327289424853  0.000644575319885
  0 0 0 0 0 0 0 0 0 0 0 0 0
  0.0d0 0.0d0 0.0d0 0.0d0 0.0d0
  0.0d0 0.0d0 0.0d0 0.0d0 0.0d0
  0.0d0 0.0d0 0.0d0
 -0.026565824855238  1.209521227525313 -0.016114211838883
 -5.689249319136516 -0.023225136899068  0.039478206477030
  0 0 0 0 0 0 0 0 0 0 0 0 0
  0.0d0 0.0d0 0.0d0 0.0d0 0.0d0
  0.0d0 0.0d0 0.0d0 0.0d0 0.0d0
  0.0d0 0.0d0 0.0d0
  0.839576864609526 -0.968702612976239  0.015972652292190
  4.100604942401000  3.716956274629248  0.007329066433641
  0 0 0 0 0 0 0 0 0 0 0 0 0
  0.0d0 0.0d0 0.0d0 0.0d0 0.0d0
  0.0d0 0.0d0 0.0d0 0.0d0 0.0d0
  0.0d0 0.0d0 0.0d0
 -1.022610220414567 -0.716541844161974  0.006567539736072
  3.180765611103459 -4.673356381158697 -0.014771637002925
  0 0 0 0 0 0 0 0 0 0 0 0 0
  0.0d0 0.0d0 0.0d0 0.0d0 0.0d0
  0.0d0 0.0d0 0.0d0 0.0d0 0.0d0
  0.0d0 0.0d0 0.0d0
  0.825243752192129 -0.744870188656069 -0.001278187345820
  4.029343015271412  4.517988077921872 -0.001241751387721
  0 0 0 0 0 0 0 0 0 0 0 0 0
  0.0d0 0.0d0 0.0d0 0.0d0 0.0d0
  0.0d0 0.0d0 0.0d0 0.0d0 0.0d0
  0.0d0 0.0d0 0.0d0
 -0.912682620190530 -0.767601832225997  0.007348683978938
  3.653694950886895 -4.506599019236541  0.024356934686014
  0 0 0 0 0 0 0 0 0 0 0 0 0
  0.0d0 0.0d0 0.0d0 0.0d0 0.0d0
  0.0d0 0.0d0 0.0d0 0.0d0 0.0d0
  0.0d0 0.0d0 0.0d0
 -0.784751942371630  0.706432831893440 -0.013704030860232
 -4.140897633104009 -4.568556772425089  0.053440472176940
  0 0 0 0 0 0 0 0 0 0 0 0 0
  0.0d0 0.0d0 0.0d0 0.0d0 0.0d0
  0.0d0 0.0d0 0.0d0 0.0d0 0.0d0
  0.0d0 0.0d0 0.0d0
 -1.080930667993854 -0.436786477464699  0.002132516695412
  2.043972407665167 -5.356921102418232 -0.046910028231234
  0 0 0 0 0 0 0 0 0 0 0 0 0
  0.0d0 0.0d0 0.0d0 0.0d0 0.0d0
  0.0d0 0.0d0 0.0d0 0.0d0 0.0d0
  0.0d0 0.0d0 0.0d0
  1.116095750458677  0.039450221022811  0.009313136721201
 -0.102657623762903  5.862062424094169  0.070636476226778
  0 0 0 0 0 0 0 0 0 0 0 0 0
  0.0d0 0.0d0 0.0d0 0.0d0 0.0d0
  0.0d0 0.0d0 0.0d0 0.0d0 0.0d0
  0.0d0 0.0d0 0.0d0
  0.433886974582324  1.005192421573901  0.005286690022791
 -5.476572935860674  2.300264706776146 -0.003979088818933
  0 0 0 0 0 0 0 0 0 0 0 0 0
  0.0d0 0.0d0 0.0d0 0.0d0 0.0d0
  0.0d0 0.0d0 0.0d0 0.0d0 0.0d0
  0.0d0 0.0d0 0.0d0
  0.688974935466868 -0.910697599708697  0.003163782857638
  4.691237251909844  3.564051411767894  0.034062999844058
  0 0 0 0 0 0 0 0 0 0 0 0 0
  0.0d0 0.0d0 0.0d0 0.0d0 0.0d0
  0.0d0 0.0d0 0.0d0 0.0d0 0.0d0
  0.0d0 0.0d0 0.0d0
 -0.557626116338895  1.100414283533305  0.017812060756388
 -5.104505388272534 -2.564706225027589  0.020903351310505
  0 0 0 0 0 0 0 0 0 0 0 0 0
  0.0d0 0.0d0 0.0d0 0.0d0 0.0d0
  0.0d0 0.0d0 0.0d0 0.0d0 0.0d0
  0.0d0 0.0d0 0.0d0
 -1.035432826512207 -0.665487031577496 -0.011312575791734
  3.068131756171992 -4.759316724025076 -0.016031325366901
  0 0 0 0 0 0 0 0 0 0 0 0 0
  0.0d0 0.0d0 0.0d0 0.0d0 0.0d0
  0.0d0 0.0d0 0.0d0 0.0d0 0.0d0
  0.0d0 0.0d0 0.0d0
 -1.083969880605711  0.498514268386957  0.003629224720913
 -2.438907564095846 -5.239601304868081  0.039483388618009
  0 0 0 0 0 0 0 0 0 0 0 0 0
  0.0d0 0.0d0 0.0d0 0.0d0 0.0d0
  0.0d0 0.0d0 0.0d0 0.0d0 0.0d0
  0.0d0 0.0d0 0.0d0
  0.774899046527332 -0.919874754121104 -0.002882718014614
  4.482974871215727  3.520352505733022  0.035893130636246
  0 0 0 0 0 0 0 0 0 0 0 0 0
  0.0d0 0.0d0 0.0d0 0.0d0 0.0d0
  0.0d0 0.0d0 0.0d0 0.0d0 0.0d0
  0.0d0 0.0d0 0.0d0
 -0.612809224459480 -0.943367702049456 -0.003757185577105
  5.019709998654728 -3.199059537925059  0.032124131119646
  0 0 0 0 0 0 0 0 0 0 0 0 0
  0.0d0 0.0d0 0.0d0 0.0d0 0.0d0
  0.0d0 0.0d0 0.0d0 0.0d0 0.0d0
  0.0d0 0.0d0 0.0d0
  0.509323275731974 -1.000295413940819  0.007831695636980
  5.183285626408365  2.772698562834751  0.060910129482332
  0 0 0 0 0 0 0 0 0 0 0 0 0
  0.0d0 0.0d0 0.0d0 0.0d0 0.0d0
  0.0d0 0.0d0 0.0d0 0.0d0 0.0d0
  0.0d0 0.0d0 0.0d0
